Level 21 Longline Prediction Decomposition
==========================================

Purpose
-------
Decompose longline predicted age composition into numbers-at-age,
longline selectivity, selected numbers, predicted composition,
observed composition, and residual.

Fixed quantities
----------------
r0: 630.478119070175
m_young: 0.342588183726986
m_adult: 0.45
m_old: 0.305704748551523
fbar: 0.0685452095998948
q_longline: 5e-05
q_purse_seine: 2.22464740183763e-05

Rows
----
year,age,n_at_age,longline_selectivity,selected_numbers,predicted_comp,observed_comp,residual,abs_residual,selected_share
2001,1,652.300303204206,0.000153601580181852,0.100194357325267,0.00120138938502691,2e-08,-0.00120136938502691,0.00120136938502691,0.00120138938502691
2001,2,449.289000002028,0.000328861401726147,0.147753810320806,0.00177165525140737,2.12e-06,-0.00176953525140737,0.00176953525140737,0.00177165525140737
2001,3,296.41100355371,0.000716509822775139,0.21238139562487,0.00254657808176364,0.00012188,-0.00242469808176364,0.00242469808176364,0.00254657808176364
2001,4,174.612857600218,0.00243820151394022,0.42574133375428,0.00510488946477433,0.00306002,-0.00204486946477433,0.00204486946477433,0.00510488946477433
2001,5,106.306125339063,0.0256789490324101,2.72982957441479,0.0327322651812389,0.03361977,0.000887504818761119,0.000887504818761119,0.0327322651812389
2001,6,65.834889914181,0.199765660831448,13.151550289472,0.157694837675601,0.16163849,0.00394365232439858,0.00394365232439858,0.157694837675601
2001,7,40.2945585440437,0.727743580484154,29.3241063088707,0.351613314215986,0.34007423,-0.0115390842159855,0.0115390842159855,0.351613314215986
2001,8,24.3399349755138,0.977627598299586,23.7953921728797,0.285320773865983,0.31309896,0.0277781861340172,0.0277781861340172,0.285320773865983
2001,9,16.0770655013214,0.695385799843679,11.1797630527756,0.13405194680892,0.12614454,-0.00790740680891977,0.00790740680891977,0.13405194680892
2001,10,45.7861868352158,0.0509329306456234,2.3320246786056,0.0279623500692991,0.02223997,-0.00572238006929905,0.00572238006929905,0.0279623500692991
2002,1,654.630743568691,0.000153601580181852,0.100552316647772,0.00118349680665107,1.99999998e-08,-0.00118347680665127,0.00118347680665127,0.00118349680665107
2002,2,454.496092174449,0.000328861401726147,0.149466221951546,0.00175921154558277,2.0499999795e-06,-0.00175716154560327,0.00175716154560327,0.00175921154558277
2002,3,300.099862540099,0.000716509822775139,0.21502449932345,0.0025308298882111,0.0001184299988157,-0.0024123998893954,0.0024123998893954,0.0025308298882111
2002,4,176.482507128388,0.00243820151394022,0.430299916064403,0.00506461306454373,0.0029929299700707,-0.00207168309447303,0.00207168309447303,0.00506461306454373
2002,5,108.494354130897,0.0256789490324101,2.78602099003156,0.0327913573241205,0.0330979796690202,0.000306622344899692,0.000306622344899692,0.0327913573241205
2002,6,67.3199639435166,0.199765660831448,13.4482170843258,0.158284985419107,0.160171418398286,0.00188643297917895,0.00188643297917895,0.158284985419107
2002,7,41.3009685757467,0.727743580484154,30.0565147487775,0.353763994805257,0.339193546608065,-0.0145704481971924,0.0145704481971924,0.353763994805257
2002,8,24.392064129037,0.977627598299586,23.8463550720399,0.280670659999679,0.314332336856677,0.0336616768569978,0.0336616768569978,0.280670659999679
2002,9,16.7442337637664,0.695385799843679,11.6437023885862,0.137045918521785,0.127470438725296,-0.00957547979648896,0.00957547979648896,0.137045918521785
2002,10,44.8805564998672,0.0509329306456234,2.28589827154472,0.0269049326250637,0.0226208497737915,-0.00428408285127219,0.00428408285127219,0.0269049326250637
2003,1,657.846346748105,0.000153601580181852,0.101046238377368,0.00116727251011665,1e-08,-0.00116726251011665,0.00116726251011665,0.00116727251011665
2003,2,456.119847419543,0.000328861401726147,0.150000212377507,0.00173278221170419,1.98e-06,-0.00173080221170419,0.00173080221170419,0.00173278221170419
2003,3,303.577908174802,0.000716509822775139,0.217516553184775,0.00251272186976119,0.00011508,-0.00239764186976119,0.00239764186976119,0.00251272186976119
2003,4,178.678846247233,0.00243820151394022,0.435655033429095,0.00503262815698871,0.00292717,-0.00210545815698871,0.00210545815698871,0.00503262815698871
2003,5,109.656046464427,0.0256789490324101,2.81585202825562,0.0325283426470944,0.03258263,5.4287352905559e-05,5.4287352905559e-05,0.0325283426470944
2003,6,68.7056929680354,0.199765660831448,13.7250381586421,0.158549788692316,0.15870965,0.000159861307683973,0.000159861307683973,0.158549788692316
2003,7,42.2326173701505,0.727743580484154,30.7345161781706,0.355040983440997,0.33829803,-0.016742953440997,0.016742953440997,0.355040983440997
2003,8,25.0012882754333,0.977627598299586,24.4419494111074,0.282350101294199,0.31555461,0.0332045087058009,0.0332045087058009,0.282350101294199
2003,9,16.7800951057699,0.695385799843679,11.6686398565788,0.134794553006207,0.12880376,-0.00599079300620728,0.00599079300620728,0.134794553006207
2003,10,44.6841458635264,0.0509329306456234,2.27589450222591,0.0262908261706153,0.02300708,-0.00328374617061526,0.00328374617061526,0.0262908261706153
2004,1,658.653417289883,0.000153601580181852,0.101170205687903,0.00114674017015416,1e-08,-0.00114673017015416,0.00114673017015416,0.00114674017015416
2004,2,458.36034780234,0.000328861401726147,0.150737026473962,0.00170856827078639,1.91e-06,-0.00170665827078639,0.00170665827078639,0.00170856827078639
2004,3,304.662485642421,0.000716509822775139,0.218293663593884,0.00247430665215262,0.00011181,-0.00236249665215262,0.00236249665215262,0.00247430665215262
2004,4,180.749667526336,0.00243820151394022,0.440704113006905,0.00499527609043506,0.00286271,-0.00213256609043506,0.00213256609043506,0.00499527609043506
2004,5,111.020724858827,0.0256789490324101,2.85089553519105,0.0323142214537144,0.03207369,-0.000240531453714388,0.000240531453714388,0.0323142214537144
2004,6,69.4413522327981,0.199765660831448,13.8719976178142,0.157235786963835,0.15725327,1.7483036164917e-05,1.7483036164917e-05,0.157235786963835
2004,7,43.101942905148,0.727743580484154,31.367162255616,0.355539308610493,0.33738781,-0.0181514986104934,0.0181514986104934,0.355539308610493
2004,8,25.565256164894,0.977627598299586,24.993299984399,0.283293098812498,0.31676562,0.0334725211875024,0.0334725211875024,0.283293098812498
2004,9,17.1992002320593,0.695385799843679,11.9600796100422,0.135564652002255,0.13014445,-0.00542020200225496,0.00542020200225496,0.135564652002255
2004,10,44.5651794586886,0.0509329306456234,2.26983519457915,0.0257280409736761,0.02339872,-0.0023293209736761,0.0023293209736761,0.0257280409736761
2005,1,659.335660609763,0.000153601580181852,0.101274999339905,0.00113076270259372,1.00000001e-08,-0.00113075270259362,0.00113075270259362,0.00113076270259372
2005,2,458.922681447664,0.000328861401726147,0.150921956304801,0.00168508437723292,1.8400000184e-06,-0.00168324437721452,0.00168324437721452,0.00168508437723292
2005,3,306.159014284109,0.000716509822775139,0.219365941065718,0.00244927994068866,0.0001086300010863,-0.00234064993960236,0.00234064993960236,0.00244927994068866
2005,4,181.395422739083,0.00243820151394022,0.442278594344259,0.00493815988052058,0.0027995200279952,-0.00213863985252538,0.00213863985252538,0.00493815988052058
2005,5,112.307413710293,0.0256789490324101,2.88393635262841,0.0321999277754767,0.031571100315711,-0.000628827459765668,0.000628827459765668,0.0321999277754767
2005,6,70.3055554949571,0.199765660831448,14.0446357535721,0.156812148952501,0.155802371558024,-0.00100977739447755,0.00100977739447755,0.156812148952501
2005,7,43.5634526033647,0.727743580484154,31.7030229758244,0.353972808434359,0.33646304336463,-0.0175097650697289,0.0175097650697289,0.353972808434359
2005,8,26.0914970511291,0.977627598299586,25.507767598136,0.284801109991574,0.317965213179652,0.0331641031880777,0.0331641031880777,0.284801109991574
2005,9,17.5871721056855,0.695385799843679,12.2298697417005,0.136549796609532,0.131492441314924,-0.0050573552946073,0.0050573552946073,0.136549796609532
2005,10,44.7719719564908,0.0509329306456234,2.28036774252774,0.0254609213355205,0.0237958302379583,-0.00166509109756223,0.00166509109756223,0.0254609213355205
2006,1,660.003362174719,0.000153601580181852,0.101377559355372,0.00111796767938428,1.00000001e-08,-0.00111795767938418,0.00111795767938418,0.00111796767938428
2006,2,459.398040605516,0.000328861401726147,0.151078283583775,0.00166605547793318,1.7800000178e-06,-0.00166427547791538,0.00166427547791538,0.00166605547793318
2006,3,306.534621631858,0.000716509822775139,0.219635067419887,0.00242208342947061,0.0001055400010554,-0.00231654342841521,0.00231654342841521,0.00242208342947061
2006,4,182.286452840895,0.00243820151394022,0.444451105287462,0.00490130137219241,0.002737600027376,-0.00216370134481641,0.00216370134481641,0.00490130137219241
2006,5,112.708648737865,0.0256789490324101,2.89423964645145,0.0319169883522536,0.0310748103107481,-0.000842178041505458,0.000842178041505458,0.0319169883522536
2006,6,71.1203706978529,0.199765660831448,14.2074078510341,0.156675924004132,0.154357061543571,-0.00231886246056096,0.00231886246056096,0.156675924004132
2006,7,44.1056033052192,0.727743580484154,32.0975696687539,0.353964385260677,0.335523843355238,-0.0184405419054387,0.0184405419054387,0.353964385260677
2006,8,26.370869119265,0.977627598299586,25.7808894421398,0.284305533940282,0.319153213191532,0.0348476792512505,0.0348476792512505,0.284305533940282
2006,9,17.9491903454234,0.695385799843679,12.4816120848987,0.137644257627214,0.132847681328477,-0.00479657629873689,0.00479657629873689,0.137644257627214
2006,10,45.1959675369012,0.0509329306456234,2.30196308001883,0.025385502856462,0.0241984602419846,-0.00118704261447738,0.00118704261447738,0.025385502856462
2007,1,660.303233787537,0.000153601580181852,0.101423620108953,0.00110722728125665,1.00000001e-08,-0.00110721728125655,0.00110721728125655,0.00110722728125665
2007,2,459.863267665078,0.000328861401726147,0.151231278806704,0.00165097042971091,1.7200000172e-06,-0.00164925042969371,0.00164925042969371,0.00165097042971091
2007,3,306.852134898214,0.000716509822775139,0.219862568794092,0.002400208492208,0.0001025300010253,-0.0022976784911827,0.0022976784911827,0.002400208492208
2007,4,182.510088689874,0.00243820151394022,0.444996374553015,0.00485796233102422,0.002676900026769,-0.00218106230425522,0.00218106230425522,0.00485796233102422
2007,5,113.262283428551,0.0256789490324101,2.90845640345614,0.0317512062061369,0.0305847903058479,-0.00116641590028899,0.00116641590028899,0.0317512062061369
2007,6,71.3744588560176,0.199765660831448,14.2581659398593,0.155654376094422,0.152917431529174,-0.00273694456524726,0.00273694456524726,0.155654376094422
2007,7,44.6167708204032,0.727743580484154,32.4695685464811,0.354465676404341,0.334570373345704,-0.0198953030586373,0.0198953030586373,0.354465676404341
2007,8,26.699056724864,0.977627598299586,26.1017347027932,0.284948937141173,0.320329473203295,0.0353805360621222,0.0353805360621222,0.284948937141173
2007,9,18.141379487286,0.695385799843679,12.6152576850341,0.137718979602064,0.134210121342101,-0.00350885825996328,0.00350885825996328,0.137718979602064
2007,10,45.7611399254772,0.0509329306456234,2.33074896608899,0.0254444560176637,0.0246066502460665,-0.000837805771597158,0.000837805771597158,0.0254444560176637
2008,1,660.20610271613,0.000153601580181852,0.1014087006229,0.00109893237229212,9.9999998e-09,-0.00109892237229232,0.00109892237229232,0.00109893237229212
2008,2,460.072205903356,0.000328861401726147,0.151299990528619,0.00163958769314755,1.6599999668e-06,-0.00163792769318075,0.00163792769318075,0.00163958769314755
2008,3,307.16288049097,0.000716509822775139,0.220085221063686,0.00238499036674707,9.9599998008e-05,-0.00228539036873907,0.00228539036873907,0.00238499036674707
2008,4,182.699135441247,0.00243820151394022,0.445457308628418,0.00482727274798894,0.0026174299476514,-0.00220984280033754,0.00220984280033754,0.00482727274798894
2008,5,113.40123784078,0.0256789490324101,2.91202460672561,0.0315566424733321,0.0301009693979806,-0.00145567307535146,0.00145567307535146,0.0315566424733321
2008,6,71.7250564090369,0.199765660831448,14.3282032917241,0.155269975232308,0.151483586970328,-0.00378638826198013,0.00378638826198013,0.155269975232308
2008,7,44.7761709052139,0.727743580484154,32.5855709349308,0.353118998173323,0.333602763327945,-0.0195162348453782,0.0195162348453782,0.353118998173323
2008,8,27.0084888482466,0.977627598299586,26.4042440864124,0.286134014283082,0.321493833570123,0.0353598192870417,0.0353598192870417,0.286134014283082
2008,9,18.3671504267749,0.695385799843679,12.772255590372,0.138408687314147,0.135579677288406,-0.00282901002574049,0.00282901002574049,0.138408687314147
2008,10,46.3107394241757,0.0509329306456234,2.35874167923908,0.0255608993436326,0.0250204694995906,-0.000540429844041974,0.000540429844041974,0.0255608993436326
2009,1,659.22810050222,0.000153601580181852,0.101258477937422,0.00109195579679463,1e-08,-0.00109194579679463,0.00109194579679463,0.00109195579679463
2009,2,460.004528957376,0.000328861401726147,0.151277734193299,0.0016313557357678,1.6e-06,-0.0016297557357678,0.0016297557357678,0.0016313557357678
2009,3,307.302439519984,0.000716509822775139,0.220185216478831,0.00237444338884028,9.675e-05,-0.00227769338884028,0.00227769338884028,0.00237444338884028
2009,4,182.884152733558,0.00243820151394022,0.445908418070637,0.00480860755434888,0.00255914,-0.00224946755434888,0.00224946755434888,0.00480860755434888
2009,5,113.518700583631,0.0256789490324101,2.91504092651248,0.0314353514138941,0.02962331,-0.00181204141389411,0.00181204141389411,0.0314353514138941
2009,6,71.8130513951323,0.199765660831448,14.3457816682713,0.154702695234073,0.15005561,-0.00464708523407251,0.00464708523407251,0.154702695234073
2009,7,44.9961153531937,0.727743580484154,32.7456340950112,0.353123863780189,0.33262117,-0.0205026937801885,0.0205026937801885,0.353123863780189
2009,8,27.1049807129391,0.977627598299586,26.4985771963473,0.285756566420478,0.32264615,0.0368895835795219,0.0368895835795219,0.285756566420478
2009,9,18.5800188593795,0.695385799843679,12.9202812756403,0.139330319026438,0.1369563,-0.00237401902643802,0.00237401902643802,0.139330319026438
2009,10,46.8724760557313,0.0509329306456234,2.3873525721352,0.025744841649177,0.02543996,-0.00030488164917699,0.00030488164917699,0.025744841649177
2010,1,658.291734790972,0.000153601580181852,0.101114650684546,0.00108732432528205,1.00000001e-08,-0.00108731432528195,0.00108731432528195,0.00108732432528205
2010,2,459.323097134983,0.000328861401726147,0.151053637569006,0.00162433725913293,1.5400000154e-06,-0.00162279725911753,0.00162279725911753,0.00162433725913293
2010,3,307.257235114388,0.000716509822775139,0.220152827078189,0.00236738714460411,9.39700009397e-05,-0.00227341714366441,0.00227341714366441,0.00236738714460411
2010,4,182.967245894869,0.00243820151394022,0.446111015942344,0.00479720155414172,0.0025020200250202,-0.00229518152912152,0.00229518152912152,0.00479720155414172
2010,5,113.633659653131,0.0256789490324101,2.91799295459897,0.0313782888934218,0.0291517502915175,-0.00222653860190433,0.00222653860190433,0.0313782888934218
2010,6,71.8874364560892,0.199765660831448,14.3606412491294,0.154425441329381,0.148633601486336,-0.00579183984304513,0.00579183984304513,0.154425441329381
2010,7,45.0513182731088,0.727743580484154,32.7858076656034,0.352558268831342,0.331625743316257,-0.0209325255150847,0.0209325255150847,0.352558268831342
2010,8,27.2381227369195,0.977627598299586,26.6287405134839,0.286348982228745,0.323786253237863,0.0374372710091176,0.0374372710091176,0.286348982228745
2010,9,18.6463987548204,0.695385799843679,12.966440912325,0.139433074444258,0.138339921383399,-0.00109315306085847,0.00109315306085847,0.139433074444258
2010,10,47.4340653096833,0.0509329306456234,2.41595595865807,0.0259796939896914,0.0258651902586519,-0.000114503731039481,0.000114503731039481,0.0259796939896914
2011,1,658.341160799482,0.000153601580181852,0.101122242597555,0.00108543392219452,1e-08,-0.00108542392219452,0.00108542392219452,0.00108543392219452
2011,2,458.670675919603,0.000328861401726147,0.1508390814136,0.00161908845723069,1.49e-06,-0.00161759845723069,0.00161759845723069,0.00161908845723069
2011,3,306.802076861616,0.000716509822775139,0.219826701719161,0.00235959323014345,9.127e-05,-0.00226832323014345,0.00226832323014345,0.00235959323014345
2011,4,182.94033128395,0.00243820151394022,0.446045392697253,0.00478779729993728,0.00244606,-0.00234173729993728,0.00234173729993728,0.00478779729993728
2011,5,113.685288948894,0.0256789490324101,2.91931874065346,0.0313356142961972,0.02868626,-0.00264935429619718,0.00264935429619718,0.0313356142961972
2011,6,71.9602360279765,0.199765660831448,14.3751841037157,0.154301487616946,0.14721763,-0.00708385761694613,0.00708385761694613,0.154301487616946
2011,7,45.0979831201084,0.727743580484154,32.8197677084416,0.352283417319587,0.33061661,-0.0216668073195868,0.0216668073195868,0.352283417319587
2011,8,27.2715394862606,0.977627598299586,26.6614096498853,0.286180346718394,0.324914,0.0387336532816056,0.0387336532816056,0.286180346718394
2011,9,18.7379914881433,0.695385799843679,13.0301331984466,0.139863873871888,0.13973048,-0.00013339387188846,0.00013339387188846,0.139863873871888
2011,10,47.8927530071028,0.0509329306456234,2.43931826733874,0.0261833472674809,0.02629619,0.000112842732519092,0.000112842732519092,0.0261833472674809
2012,1,660.902102511632,0.000153601580181852,0.101515607291295,0.00108845532746304,1e-08,-0.00108844532746304,0.00108844532746304,0.00108845532746304
2012,2,458.705113934746,0.000328861401726147,0.150850406747533,0.0016174254703828,1.44e-06,-0.0016159854703828,0.0016159854703828,0.0016174254703828
2012,3,306.366296067845,0.000716509822775139,0.219514460499847,0.00235364482724935,8.865e-05,-0.00226499482724935,0.00226499482724935,0.00235364482724935
2012,4,182.669330988326,0.00243820151394022,0.445384639366183,0.00477543597899449,0.00239123,-0.00238420597899449,0.00238420597899449,0.00477543597899449
2012,5,113.668565762707,0.0256789490324101,2.9188893068077,0.0312964745130591,0.02822678,-0.00306969451305907,0.00306969451305907,0.0312964745130591
2012,6,71.9929310614766,0.199765660831448,14.3817154486887,0.154201459419581,0.14580781,-0.00839364941958051,0.00839364941958051,0.154201459419581
2012,7,45.1436533237765,0.727743580484154,32.8530039059805,0.352251521502692,0.32959393,-0.0226575915026916,0.0226575915026916,0.352251521502692
2012,8,27.2997877654754,0.977627598299586,26.6890259472501,0.286161047076498,0.32602924,0.0398681929235018,0.0398681929235018,0.286161047076498
2012,9,18.760979958045,0.695385799843679,13.0461190539764,0.139881129275727,0.14112789,0.00124676072427285,0.00124676072427285,0.139881129275727
2012,10,48.2936213041545,0.0509329306456234,2.4597356645105,0.0263734066083538,0.02673302,0.000359613391646207,0.000359613391646207,0.0263734066083538
2013,1,657.727964068676,0.000153601580181852,0.101028054610741,0.00108248128783206,9.9999999e-09,-0.00108247128783216,0.00108247128783216,0.00108248128783206
2013,2,460.489473063113,0.000328861401726147,0.15143721359167,0.00162259830327349,1.3899999861e-06,-0.00162120830328739,0.00162120830328739,0.00162259830327349
2013,3,306.389298731187,0.000716509822775139,0.219530942134082,0.00235219947445193,8.60899991391e-05,-0.00226610947531283,0.00226610947531283,0.00235219947445193
2013,4,182.409867992279,0.00243820151394022,0.444752016296412,0.00476536678075615,0.0023375099766249,-0.00242785680413125,0.00242785680413125,0.00476536678075615
2013,5,113.500181816374,0.0256789490324101,2.91456538403196,0.0312285780670889,0.0277732597222674,-0.00345531834482147,0.00345531834482147,0.0312285780670889
2013,6,71.9823408505403,0.199765660831448,14.3795998882027,0.154072528323597,0.144404208555958,-0.00966831976763952,0.00966831976763952,0.154072528323597
2013,7,45.1641642800936,0.727743580484154,32.8679306227698,0.352168712007723,0.328557856714421,-0.0236108552933017,0.0236108552933017,0.352168712007723
2013,8,27.3274339434435,0.977627598299586,26.7160536138193,0.286253439533247,0.327131826728682,0.0408783871954346,0.0408783871954346,0.286253439533247
2013,9,18.7804128690643,0.695385799843679,13.0596324243488,0.13992952531642,0.142532098574679,0.00260257325825855,0.00260257325825855,0.13992952531642
2013,10,48.6039195846737,0.0509329306456234,2.47554006531164,0.0265245709056096,0.0271757497282425,0.000651178822632926,0.000651178822632926,0.0265245709056096
2014,1,635.5890055426,0.000153601580181852,0.0976274755975552,0.00104599884725007,1e-08,-0.00104598884725007,0.00104598884725007,0.00104599884725007
2014,2,458.277863607686,0.000328861401726147,0.150709900606088,0.00161473377589913,1.34e-06,-0.00161339377589913,0.00161339377589913,0.00161473377589913
2014,3,307.58115058855,0.000716509822775139,0.220384915697175,0.00236124478646584,8.361e-05,-0.00227763478646584,0.00227763478646584,0.00236124478646584
2014,4,182.423563731131,0.00243820151394022,0.444785409267614,0.00476551321766661,0.00228488,-0.00248063321766661,0.00248063321766661,0.00476551321766661
2014,5,113.33896648227,0.0256789490324101,2.91042554368425,0.0311828380798276,0.02732564,-0.00385719807982757,0.00385719807982757,0.0311828380798276
2014,6,71.8757091662456,0.199765660831448,14.358298539324,0.153837468690846,0.14300692,-0.0108305486908461,0.0108305486908461,0.153837468690846
2014,7,45.1575205996734,0.727743580484154,32.8630957269933,0.352101291538101,0.32750855,-0.0245927415381006,0.0245927415381006,0.352101291538101
2014,8,27.339850125179,0.977627598299586,26.7281920157494,0.28637079742593,0.32822161,0.0418508125740704,0.0418508125740704,0.28637079742593
2014,9,18.7994315750321,0.695385799843679,13.0728577624102,0.140065018234351,0.14394303,0.00387801176564936,0.00387801176564936,0.140065018234351
2014,10,48.8452603929573,0.0509329306456234,2.48783225996191,0.0266550954036638,0.02762441,0.000969314596336222,0.000969314596336222,0.0266550954036638
2015,1,627.654819285713,0.000153601580181852,0.0964087720510403,0.00103363658125645,1e-08,-0.00103362658125645,0.00103362658125645,0.00103363658125645
2015,2,442.852345505844,0.000328861401726147,0.145637043100764,0.00156143234824396,1.29e-06,-0.00156014234824396,0.00156014234824396,0.00156143234824396
2015,3,306.103919466571,0.000716509822775139,0.219326465087768,0.00235148579044615,8.119e-05,-0.00227029579044615,0.00227029579044615,0.00235148579044615
2015,4,183.133189896796,0.00243820151394022,0.446515620859072,0.00478727059792888,0.00223332,-0.00255395059792888,0.00255395059792888,0.00478727059792888
2015,5,113.347476224115,0.0256789490324101,2.91064406491137,0.0312061663737051,0.02688389,-0.00432227637370508,0.00432227637370508,0.0312061663737051
2015,6,71.7736171142174,0.199765660831448,14.3379040530849,0.153722340950134,0.14161602,-0.0121063209501336,0.0121063209501336,0.153722340950134
2015,7,45.0906261027285,0.727743580484154,32.8144136862719,0.351816309418983,0.32644616,-0.0253701494189825,0.0253701494189825,0.351816309418983
2015,8,27.3358284139426,0.977627598299586,26.7242602798523,0.286521365687035,0.32929844,0.042777074312965,0.042777074312965,0.286521365687035
2015,9,18.8079730707116,0.695385799843679,13.0787973972152,0.140222960431922,0.14536061,0.00513764956807752,0.00513764956807752,0.140222960431922
2015,10,49.0357078784972,0.0509329306456234,2.49753230853455,0.0267770318203459,0.02807907,0.00130203817965409,0.00130203817965409,0.0267770318203459
2016,1,626.706721677319,0.000153601580181852,0.0962631427602243,0.00103295888637801,9.9999999e-09,-0.00103294888637811,0.00103294888637811,0.00103295888637801
2016,2,437.324130003528,0.000328861401726147,0.143819026401628,0.00154326086903096,1.2499999875e-06,-0.00154201086904346,0.00154201086904346,0.00154326086903096
2016,3,295.800538208735,0.000716509822775139,0.211943991208731,0.00227428092264554,7.88399992116e-05,-0.00219544092343394,0.00219544092343394,0.00227428092264554
2016,4,182.253649498871,0.00243820151394022,0.44437112412928,0.00476835773648552,0.0021828199781718,-0.00258553775831372,0.00258553775831372,0.00476835773648552
2016,5,113.788396976323,0.0256789490324101,2.92196644643466,0.0313543805032532,0.0264479497355205,-0.00490643076773272,0.00490643076773272,0.0313543805032532
2016,6,71.7790060371261,0.199765660831448,14.338980574831,0.153865508455989,0.140231588597684,-0.0136339198583046,0.0136339198583046,0.153865508455989
2016,7,45.0265795061875,0.727743580484154,32.7678041867873,0.351617384923177,0.325370826746292,-0.0262465581768856,0.0262465581768856,0.351617384923177
2016,8,27.295334240081,0.977627598299586,26.6846720579148,0.286341878541863,0.330362176696378,0.0440202981545155,0.0440202981545155,0.286341878541863
2016,9,18.8052064046075,0.695385799843679,13.0768734968935,0.14032237362438,0.146784758532152,0.00646238490777259,0.00646238490777259,0.14032237362438
2016,10,49.1814565773195,0.0509329306456234,2.50495571690335,0.0268796155367979,0.0285397797146022,0.00166016417780429,0.00166016417780429,0.0268796155367979
2017,1,626.651336228974,0.000153601580181852,0.0962546354678395,0.00103315084584337,1e-08,-0.00103314084584337,0.00103314084584337,0.00103315084584337
2017,2,436.663534483491,0.000328861401726147,0.143601782032935,0.00154135228761542,1.2e-06,-0.00154015228761542,0.00154015228761542,0.00154135228761542
2017,3,292.108000193494,0.000716509822775139,0.20929825144984,0.00224650651335322,7.655e-05,-0.00216995651335322,0.00216995651335322,0.00224650651335322
2017,4,176.11903730674,0.00243820151394022,0.429413703394988,0.00460911964107432,0.00213335,-0.00247576964107432,0.00247576964107432,0.00460911964107432
2017,5,113.241901324649,0.0256789490324101,2.90793301244888,0.0312123508324047,0.02601777,-0.00519458083240474,0.00519458083240474,0.0312123508324047
2017,6,72.0582257814817,0.199765660831448,14.3947590915793,0.154506403342474,0.13885371,-0.0156526933424738,0.0156526933424738,0.154506403342474
2017,7,45.0299602019858,0.727743580484154,32.7702644664521,0.351740217886318,0.32428274,-0.0274574778863184,0.0274574778863184,0.351740217886318
2017,8,27.2565640252798,0.977627598299586,26.6467692259331,0.286013572551156,0.33141268,0.045399107448844,0.045399107448844,0.286013572551156
2017,9,18.7773491439414,0.695385799843679,13.0575019534037,0.140152930008944,0.14821541,0.00806247999105611,0.00806247999105611,0.140152930008944
2017,10,49.2864690981581,0.0509329306456234,2.51030431234415,0.0269443960908165,0.02900658,0.00206218390918349,0.00206218390918349,0.0269443960908165
2018,1,624.146636433238,0.000153601580181852,0.0958699096213333,0.0010296759894525,9.9999999e-09,-0.0010296659894526,0.0010296659894526,0.0010296759894525
2018,2,436.624944175143,0.000328861401726147,0.143589091170039,0.0015421965047122,1.1599999884e-06,-0.0015410365047238,0.0015410365047238,0.0015421965047122
2018,3,291.666759422505,0.000716509822775139,0.208982098103218,0.00224454001774095,7.43199992568e-05,-0.00217022001848415,0.00217022001848415,0.00224454001774095
2018,4,173.920507701618,0.00243820151394022,0.424053245183338,0.00455447852761443,0.002084899979151,-0.00246957854846342,0.00246957854846342,0.00455447852761443
2018,5,109.430207290338,0.0256789490324101,2.81005271561466,0.0301809381253485,0.025593299744067,-0.00458763838128148,0.00458763838128148,0.0301809381253485
2018,6,71.7121491330416,0.199765660831448,14.3256248612054,0.153862166051366,0.137482448625176,-0.0163797174261903,0.0163797174261903,0.153862166051366
2018,7,45.2051263775864,0.727743580484154,32.8977405262634,0.353333112140476,0.32318203676818,-0.0301510753722968,0.0301510753722968,0.353333112140476
2018,8,27.2586105087676,0.977627598299586,26.6487699246704,0.286217006444022,0.332449806675502,0.0462328002314795,0.0462328002314795,0.286217006444022
2018,9,18.750677850844,0.695385799843679,13.0389551149203,0.140042887934409,0.149652478503475,0.00960959056906624,0.00960959056906624,0.140042887934409
2018,10,49.3439819406082,0.0509329306456234,2.51323360995989,0.0269929982648579,0.0294795397052046,0.00248654144034675,0.00248654144034675,0.0269929982648579
2019,1,621.409084521611,0.000153601580181852,0.0954494173218775,0.0010314865809735,1e-08,-0.0010314765809735,0.0010314765809735,0.0010314865809735
2019,2,434.879772106941,0.000328861401726147,0.143015171437436,0.00154551210842781,1.12e-06,-0.00154439210842781,0.00154439210842781,0.00154551210842781
2019,3,291.640983260101,0.000716509822775139,0.208963629229662,0.00225819272143965,7.216e-05,-0.00218603272143965,0.00218603272143965,0.00225819272143965
2019,4,173.65779384627,0.00243820151394022,0.423412695863495,0.00457566453783795,0.00203744,-0.00253822453783795,0.00253822453783795,0.00457566453783795
2019,5,108.064167854162,0.0256789490324101,2.77497425855683,0.0299881213585177,0.02517449,-0.00481363135851773,0.00481363135851773,0.0299881213585177
2019,6,69.298336155331,0.199765660831448,13.8434279165895,0.149600809845522,0.1361179,-0.0134829098455219,0.0134829098455219,0.149600809845522
2019,7,44.9880180813524,0.727743580484154,32.7397413574092,0.353806286326805,0.32206888,-0.0317374063268052,0.0317374063268052,0.353806286326805
2019,8,27.3646462799207,0.977627598299586,26.7524334209565,0.289103661985152,0.33347342,0.0443697580148481,0.0443697580148481,0.289103661985152
2019,9,18.7520856934676,0.695385799843679,13.0399341086892,0.140917749183668,0.15109588,0.0101781308163321,0.0101781308163321,0.140917749183668
2019,10,49.3674705780536,0.0509329306456234,2.51442995510186,0.0271725153516564,0.0299587,0.00278618464834359,0.00278618464834359,0.0271725153516564
2020,1,619.470892517079,0.000153601580181852,0.0951517079672855,0.00104358027726693,1e-08,-0.00104357027726693,0.00104357027726693,0.00104358027726693
2020,2,432.9723582366,0.000328861401726147,0.142387896638364,0.00156164512259105,1.08e-06,-0.00156056512259105,0.00156056512259105,0.00156164512259105
2020,3,290.475306161899,0.000716509822775139,0.208128410138616,0.00228265691283501,7.005e-05,-0.00221260691283501,0.00221260691283501,0.00228265691283501
2020,4,173.642446771732,0.00243820151394022,0.423375276603123,0.00464338578869605,0.00199097,-0.00265241578869605,0.00265241578869605,0.00464338578869605
2020,5,107.900932623669,0.0256789490324101,2.77078254939272,0.0303886717633674,0.02476129,-0.00562738176336744,0.00562738176336744,0.0303886717633674
2020,6,68.4332709928533,0.199765660831448,13.6706176027449,0.149933061771079,0.13476012,-0.0151729417710791,0.0151729417710791,0.149933061771079
2020,7,43.4737326611123,0.727743580484154,31.6377298638087,0.346988105717675,0.32094343,-0.0260446757176749,0.0260446757176749,0.346988105717675
2020,8,27.2332211030225,0.977627598299586,26.6239485409095,0.291999252497027,0.33448338,0.0424841275029728,0.0424841275029728,0.291999252497027
2020,9,18.8250311529067,0.695385799843679,13.0906593453462,0.143572345689478,0.15254555,0.00897320431052218,0.00897320431052218,0.143572345689478
2020,10,49.3856950170486,0.0509329306456234,2.51535817918924,0.0275872944599845,0.03044412,0.00285682554001554,0.00285682554001554,0.0275872944599845

Top residuals
-------------
year,age,observed,predicted,residual,abs_residual,n_at_age,longline_selectivity,selected_numbers
2018,8,0.332449806675502,0.286217006444022,0.0462328002314795,0.0462328002314795,27.2586105087676,0.977627598299586,26.6487699246704
2017,8,0.33141268,0.286013572551156,0.045399107448844,0.045399107448844,27.2565640252798,0.977627598299586,26.6467692259331
2019,8,0.33347342,0.289103661985152,0.0443697580148481,0.0443697580148481,27.3646462799207,0.977627598299586,26.7524334209565
2016,8,0.330362176696378,0.286341878541863,0.0440202981545155,0.0440202981545155,27.295334240081,0.977627598299586,26.6846720579148
2015,8,0.32929844,0.286521365687035,0.042777074312965,0.042777074312965,27.3358284139426,0.977627598299586,26.7242602798523
2020,8,0.33448338,0.291999252497027,0.0424841275029728,0.0424841275029728,27.2332211030225,0.977627598299586,26.6239485409095
2014,8,0.32822161,0.28637079742593,0.0418508125740704,0.0418508125740704,27.339850125179,0.977627598299586,26.7281920157494
2013,8,0.327131826728682,0.286253439533247,0.0408783871954346,0.0408783871954346,27.3274339434435,0.977627598299586,26.7160536138193
2012,8,0.32602924,0.286161047076498,0.0398681929235018,0.0398681929235018,27.2997877654754,0.977627598299586,26.6890259472501
2011,8,0.324914,0.286180346718394,0.0387336532816056,0.0387336532816056,27.2715394862606,0.977627598299586,26.6614096498853
2010,8,0.323786253237863,0.286348982228745,0.0374372710091176,0.0374372710091176,27.2381227369195,0.977627598299586,26.6287405134839
2009,8,0.32264615,0.285756566420478,0.0368895835795219,0.0368895835795219,27.1049807129391,0.977627598299586,26.4985771963473
2007,8,0.320329473203295,0.284948937141173,0.0353805360621222,0.0353805360621222,26.699056724864,0.977627598299586,26.1017347027932
2008,8,0.321493833570123,0.286134014283082,0.0353598192870417,0.0353598192870417,27.0084888482466,0.977627598299586,26.4042440864124
2006,8,0.319153213191532,0.284305533940282,0.0348476792512505,0.0348476792512505,26.370869119265,0.977627598299586,25.7808894421398
2002,8,0.314332336856677,0.280670659999679,0.0336616768569978,0.0336616768569978,24.392064129037,0.977627598299586,23.8463550720399
2004,8,0.31676562,0.283293098812498,0.0334725211875024,0.0334725211875024,25.565256164894,0.977627598299586,24.993299984399
2003,8,0.31555461,0.282350101294199,0.0332045087058009,0.0332045087058009,25.0012882754333,0.977627598299586,24.4419494111074
2005,8,0.317965213179652,0.284801109991574,0.0331641031880777,0.0331641031880777,26.0914970511291,0.977627598299586,25.507767598136
2019,7,0.32206888,0.353806286326805,-0.0317374063268052,0.0317374063268052,44.9880180813524,0.727743580484154,32.7397413574092
2018,7,0.32318203676818,0.353333112140476,-0.0301510753722968,0.0301510753722968,45.2051263775864,0.727743580484154,32.8977405262634
2001,8,0.31309896,0.285320773865983,0.0277781861340172,0.0277781861340172,24.3399349755138,0.977627598299586,23.7953921728797
2017,7,0.32428274,0.351740217886318,-0.0274574778863184,0.0274574778863184,45.0299602019858,0.727743580484154,32.7702644664521
2016,7,0.325370826746292,0.351617384923177,-0.0262465581768856,0.0262465581768856,45.0265795061875,0.727743580484154,32.7678041867873
2020,7,0.32094343,0.346988105717675,-0.0260446757176749,0.0260446757176749,43.4737326611123,0.727743580484154,31.6377298638087

Mean by age
-----------
age,mean_observed,mean_predicted,mean_residual,mean_abs_residual,n
1,1.0999999985e-08,0.00109199637877314,-0.00109198537877315,0.00109198537877315,20
2,1.547999998855e-06,0.00163194267499068,-0.00163039467499182,0.00163039467499182,20
3,9.3847499926895e-05,0.00237735872256092,-0.00228351122263402,0.00228351122263402,20
4,0.00249289599794151,0.00481801511619751,-0.002325119118256,0.002325119118256,20
5,0.029018571474634,0.0314989362816726,-0.00248036480703862,0.00260520625869526,20
6,0.148026042363227,0.15486045970326,-0.00683441734003364,0.00743516030477628,20
7,0.330896578677337,0.352763398036925,-0.0218668193595884,0.0218668193595884,20
8,0.324145112166985,0.285754607321901,0.0383905048450844,0.0383905048450844,20
9,0.139148875849646,0.1387756489267,0.00037322692294518,0.00524185166815557,20
10,0.0261765169703046,0.0264276368370184,-0.00025111986671378,0.001775808610562,20
