Level 22 Age-Composition Residual Diagnostics
=============================================

Interpretation
--------------
Residuals are observed minus predicted age-composition proportions after
propagating the fitted initial numbers and recruitment deviations. Large
fleet/year/age patterns indicate where the age-composition likelihood is
driving compensation through recruitment, initial numbers, or selectivity.

Rows
----
year,fleet,age,observed,predicted,residual,abs_residual
2001,longline,1,2e-08,5.32972000338956e-06,-5.30972000338956e-06,5.30972000338956e-06
2001,longline,2,2.12e-06,5.35203218452386e-05,-5.14003218452386e-05,5.14003218452386e-05
2001,longline,3,0.00012188,0.000431856190503259,-0.000309976190503259,0.000309976190503259
2001,longline,4,0.00306002,0.00333073741308003,-0.000270717413080025,0.000270717413080025
2001,longline,5,0.03361977,0.0283191433880445,0.00530062661195553,0.00530062661195553
2001,longline,6,0.16163849,0.18934878320291,-0.0277102932029104,0.0277102932029104
2001,longline,7,0.34007423,0.363595406788722,-0.0235211767887218,0.0235211767887218
2001,longline,8,0.31309896,0.242671768190372,0.0704271918096282,0.0704271918096282
2001,longline,9,0.12614454,0.100280561474776,0.025863978525224,0.025863978525224
2001,longline,10,0.02223997,0.0719628933097435,-0.0497229233097434,0.0497229233097434
2001,purse_seine,1,0.19500212,0.458553351963482,-0.263551231963482,0.263551231963482
2001,purse_seine,2,0.42353396,0.318674990551087,0.104858969448913,0.104858969448913
2001,purse_seine,3,0.30375569,0.151279151309803,0.152476538690197,0.152476538690197
2001,purse_seine,4,0.07193626,0.0523369063823732,0.0195993536176268,0.0195993536176268
2001,purse_seine,5,0.00562547,0.0143440677387629,-0.00871859773876291,0.00871859773876291
2001,purse_seine,6,0.00014526,0.00358055810171954,-0.00343529810171954,0.00343529810171954
2001,purse_seine,7,1.24e-06,0.000901292848503677,-0.000900052848503677,0.000900052848503677
2001,purse_seine,8,0,0.000258071406582341,-0.000258071406582341,0.000258071406582341
2001,purse_seine,9,0,5.27115458212671e-05,-5.27115458212671e-05,5.27115458212671e-05
2001,purse_seine,10,0,1.88981518652833e-05,-1.88981518652833e-05,1.88981518652833e-05
2002,longline,1,1.99999998e-08,4.89665548132477e-06,-4.87665548152477e-06,4.87665548152477e-06
2002,longline,2,2.0499999795e-06,4.22530147498362e-05,-4.02030147703362e-05,4.02030147703362e-05
2002,longline,3,0.0001184299988157,0.000424251927101417,-0.000305821928285717,0.000305821928285717
2002,longline,4,0.0029929299700707,0.00345361263197494,-0.000460682661904239,0.000460682661904239
2002,longline,5,0.0330979796690202,0.0265833864656449,0.00651459320337529,0.00651459320337529
2002,longline,6,0.160171418398286,0.175059246315892,-0.0148878279176057,0.0148878279176057
2002,longline,7,0.339193546608065,0.331003600448837,0.00818994615922769,0.00818994615922769
2002,longline,8,0.314332336856677,0.234318735165529,0.0800136016911479,0.0800136016911479
2002,longline,9,0.127470438725296,0.134612620553871,-0.00714218182857529,0.00714218182857529
2002,longline,10,0.0226208497737915,0.0944973968209195,-0.071876547047128,0.071876547047128
2002,purse_seine,1,0.194280648057194,0.471402107123278,-0.277121459066084,0.277121459066084
2002,purse_seine,2,0.423199145768009,0.28150976125283,0.141689384515179,0.141689384515179
2002,purse_seine,3,0.304401876955981,0.16629157461787,0.138110302338111,0.138110302338111
2002,purse_seine,4,0.0722998092770019,0.0607222378768068,0.0115775714001951,0.0115775714001951
2002,purse_seine,5,0.0056704099432959,0.0150663833012285,-0.00939597335793264,0.00939597335793264
2002,purse_seine,6,0.0001468499985315,0.00370407484212816,-0.00355722484359666,0.00355722484359666
2002,purse_seine,7,1.2599999874e-06,0.000918093148976366,-0.000916833148988966,0.000916833148988966
2002,purse_seine,8,0,0.000278826559994196,-0.000278826559994196,0.000278826559994196
2002,purse_seine,9,0,7.91737593117235e-05,-7.91737593117235e-05,7.91737593117235e-05
2002,purse_seine,10,0,2.77675175764365e-05,-2.77675175764365e-05,2.77675175764365e-05
2003,longline,1,1e-08,4.67691064586631e-06,-4.66691064586631e-06,4.66691064586631e-06
2003,longline,2,1.98e-06,3.99923876818064e-05,-3.80123876818064e-05,3.80123876818064e-05
2003,longline,3,0.00011508,0.000345054174601531,-0.000229974174601531,0.000229974174601531
2003,longline,4,0.00292717,0.00349528647006976,-0.000568116470069757,0.000568116470069757
2003,longline,5,0.03258263,0.028396709019612,0.00418592098038804,0.00418592098038804
2003,longline,6,0.15870965,0.169293281957987,-0.0105836319579868,0.0105836319579868
2003,longline,7,0.33829803,0.315267883361839,0.0230301466381608,0.0230301466381608
2003,longline,8,0.31555461,0.21975857049424,0.0957960395057597,0.0957960395057597
2003,longline,9,0.12880376,0.133905376887656,-0.00510161688765567,0.00510161688765567
2003,longline,10,0.02300708,0.129493168335667,-0.106486088335667,0.106486088335667
2003,purse_seine,1,0.19356058,0.481893979138708,-0.288333399138708,0.288333399138708
2003,purse_seine,2,0.42286186,0.285176377545461,0.137685482454539,0.137685482454539
2003,purse_seine,3,0.30504745,0.144755197139264,0.160292252860736,0.160292252860736
2003,purse_seine,4,0.07266471,0.0657744730868994,0.00689023691310058,0.00689023691310058
2003,purse_seine,5,0.00571567,0.0172253151108936,-0.0115096451108936,0.0115096451108936
2003,purse_seine,6,0.00014846,0.00383384791055802,-0.00368538791055802,0.00368538791055802
2003,purse_seine,7,1.27e-06,0.00093591027867098,-0.00093464027867098,0.00093464027867098
2003,purse_seine,8,0,0.000279880992179284,-0.000279880992179284,0.000279880992179284
2003,purse_seine,9,0,8.42934755666938e-05,-8.42934755666938e-05,8.42934755666938e-05
2003,purse_seine,10,0,4.07253217988221e-05,-4.07253217988221e-05,4.07253217988221e-05
2004,longline,1,1e-08,4.44979939333451e-06,-4.43979939333451e-06,4.43979939333451e-06
2004,longline,2,1.91e-06,3.81427572284019e-05,-3.62327572284019e-05,3.62327572284019e-05
2004,longline,3,0.00011181,0.000326123537770652,-0.000214313537770652,0.000214313537770652
2004,longline,4,0.00286271,0.0028387128555769,2.3997144423105e-05,2.3997144423105e-05
2004,longline,5,0.03207369,0.0286980500944132,0.0033756399055868,0.0033756399055868
2004,longline,6,0.15725327,0.180581250853878,-0.0233279808538785,0.0233279808538785
2004,longline,7,0.33738781,0.304445547846106,0.0329422621538937,0.0329422621538937
2004,longline,8,0.31676562,0.209010479195968,0.107755140804032,0.107755140804032
2004,longline,9,0.13014445,0.125404190623546,0.00474025937645442,0.00474025937645442
2004,longline,10,0.02339872,0.148653052436119,-0.125254332436119,0.125254332436119
2004,purse_seine,1,0.19284192,0.485946169087659,-0.293104249087659,0.293104249087659
2004,purse_seine,2,0.42252208,0.288272756402579,0.134249323597421,0.134249323597421
2004,purse_seine,3,0.3056924,0.145005450426909,0.16068694957309,0.16068694957309
2004,purse_seine,4,0.07303098,0.0566175886890676,0.0164133913109324,0.0164133913109324
2004,purse_seine,5,0.00576125,0.0184504454665875,-0.0126891954665875,0.0126891954665875
2004,purse_seine,6,0.00015008,0.00433434139535195,-0.00418426139535195,0.00418426139535195
2004,purse_seine,7,1.29e-06,0.000957898329884405,-0.000956608329884405,0.000956608329884405
2004,purse_seine,8,0,0.000282131090236925,-0.000282131090236925,0.000282131090236925
2004,purse_seine,9,0,8.36687531292779e-05,-8.36687531292779e-05,8.36687531292779e-05
2004,purse_seine,10,0,4.95503585952995e-05,-4.95503585952995e-05,4.95503585952995e-05
2005,longline,1,1.00000001e-08,4.19111706048664e-06,-4.18111706038664e-06,4.18111706038664e-06
2005,longline,2,1.8400000184e-06,3.59541762772232e-05,-3.41141762588233e-05,3.41141762588233e-05
2005,longline,3,0.0001086300010863,0.000308157537240361,-0.000199527536154061,0.000199527536154061
2005,longline,4,0.0027995200279952,0.00265810555576445,0.000141414472230747,0.000141414472230747
2005,longline,5,0.031571100315711,0.023091225253299,0.00847987506241205,0.00847987506241205
2005,longline,6,0.155802371558024,0.180806040184819,-0.0250036686267955,0.0250036686267955
2005,longline,7,0.33646304336463,0.321735112224911,0.0147279311397198,0.0147279311397198
2005,longline,8,0.317965213179652,0.19996493998473,0.118000273194922,0.118000273194922
2005,longline,9,0.131492441314924,0.11816536176123,0.0133270795536945,0.0133270795536945
2005,longline,10,0.0237958302379583,0.153230912204669,-0.129435081966711,0.129435081966711
2005,purse_seine,1,0.192124681921247,0.486880715873052,-0.294756033951805,0.294756033951805
2005,purse_seine,2,0.422179814221798,0.289058611746307,0.133121202475491,0.133121202475491
2005,purse_seine,3,0.306336703063367,0.145753847786196,0.160582855277171,0.160582855277171
2005,purse_seine,4,0.0733986207339862,0.0563958543028366,0.0170027664311496,0.0170027664311496
2005,purse_seine,5,0.0058071600580716,0.0157923404113172,-0.00998518035324559,0.00998518035324559
2005,purse_seine,6,0.0001517100015171,0.00461645329025489,-0.00446474328873779,0.00446474328873779
2005,purse_seine,7,1.3100000131e-06,0.00107684525966039,-0.00107553525964729,0.00107553525964729
2005,purse_seine,8,0,0.000287132131865992,-0.000287132131865992,0.000287132131865992
2005,purse_seine,9,0,8.38661078975522e-05,-8.38661078975522e-05,8.38661078975522e-05
2005,purse_seine,10,0,5.43330906129867e-05,-5.43330906129867e-05,5.43330906129867e-05
2006,longline,1,1.00000001e-08,4.08426835251841e-06,-4.07426835241841e-06,4.07426835241841e-06
2006,longline,2,1.7800000178e-06,3.49765367813641e-05,-3.31965367635641e-05,3.31965367635641e-05
2006,longline,3,0.0001055400010554,0.000300018584469107,-0.000194478583413707,0.000194478583413707
2006,longline,4,0.002737600027376,0.00259418519395222,0.000143414833423777,0.000143414833423777
2006,longline,5,0.0310748103107481,0.0223324227211941,0.008742387589554,0.008742387589554
2006,longline,6,0.154357061543571,0.150260775774735,0.00409628576883556,0.00409628576883556
2006,longline,7,0.335523843355238,0.332718416956686,0.0028054263985523,0.0028054263985523
2006,longline,8,0.319153213191532,0.218263338056676,0.100889875134856,0.100889875134856
2006,longline,9,0.132847681328477,0.116765377697523,0.0160823036309537,0.0160823036309537
2006,longline,10,0.0241984602419846,0.15672640420963,-0.132527943967645,0.132527943967645
2006,purse_seine,1,0.191408848085912,0.487490865975468,-0.296082017889556,0.296082017889556
2006,purse_seine,2,0.421835055781649,0.288916806468942,0.132918249312708,0.132918249312708
2006,purse_seine,3,0.306980366930196,0.145799093170735,0.161181273759462,0.161181273759462
2006,purse_seine,4,0.0737676292623237,0.0565503587210447,0.017217270541279,0.017217270541279
2006,purse_seine,5,0.005853399941466,0.0156925958512763,-0.00983919590981033,0.00983919590981033
2006,purse_seine,6,0.0001533699984663,0.00394185430887411,-0.00378848431040781,0.00378848431040781
2006,purse_seine,7,1.3299999867e-06,0.00114417146637097,-0.00114284146638427,0.00114284146638427
2006,purse_seine,8,0,0.000322009112835741,-0.000322009112835741,0.000322009112835741
2006,purse_seine,9,0,8.51470918046384e-05,-8.51470918046384e-05,8.51470918046384e-05
2006,purse_seine,10,0,5.70978326494398e-05,-5.70978326494398e-05,5.70978326494398e-05
2007,longline,1,1.00000001e-08,4.16402771940422e-06,-4.15402771930422e-06,4.15402771930422e-06
2007,longline,2,1.7200000172e-06,3.55946330847076e-05,-3.38746330675076e-05,3.38746330675076e-05
2007,longline,3,0.0001025300010253,0.000304788696605526,-0.000202258695580226,0.000202258695580226
2007,longline,4,0.002676900026769,0.00263754316814987,3.93568586191271e-05,3.93568586191271e-05
2007,longline,5,0.0305847903058479,0.0227608161086587,0.00782397419718921,0.00782397419718921
2007,longline,6,0.152917431529174,0.151760142530664,0.0011572889985105,0.0011572889985105
2007,longline,7,0.334570373345704,0.288757165419193,0.0458132079265112,0.0458132079265112
2007,longline,8,0.320329473203295,0.235712389882439,0.0846170833208553,0.0846170833208553
2007,longline,9,0.134210121342101,0.133095772494755,0.00111434884734651,0.00111434884734651
2007,longline,10,0.0246066502460665,0.164931623038731,-0.140324972792665,0.140324972792665
2007,purse_seine,1,0.19069444,0.488165872934013,-0.297471432934013,0.297471432934013
2007,purse_seine,2,0.42148783,0.288789973269168,0.132697856730832,0.132697856730832
2007,purse_seine,3,0.30762337,0.145481279340582,0.162142090659418,0.162142090659418
2007,purse_seine,4,0.074138,0.0564723101269713,0.0176656898730287,0.0176656898730287
2007,purse_seine,5,0.00589997,0.0157089938565026,-0.00980902385650258,0.00980902385650258
2007,purse_seine,6,0.00015504,0.00391033763123348,-0.00375529763123348,0.00375529763123348
2007,purse_seine,7,1.35e-06,0.000975323372191816,-0.000973973372191816,0.000973973372191816
2007,purse_seine,8,0,0.000341563433313145,-0.000341563433313145,0.000341563433313145
2007,purse_seine,9,0,9.53282414852022e-05,-9.53282414852022e-05,9.53282414852022e-05
2007,purse_seine,10,0,5.90177945397954e-05,-5.90177945397954e-05,5.90177945397954e-05
2008,longline,1,9.9999998e-09,4.24741924147172e-06,-4.23741924167172e-06,4.23741924167172e-06
2008,longline,2,1.6599999668e-06,3.62710437000647e-05,-3.46110437332647e-05,3.46110437332647e-05
2008,longline,3,9.9599998008e-05,0.000310015038306623,-0.000210415040298623,0.000210415040298623
2008,longline,4,0.0026174299476514,0.00267809799794471,-6.06680502933075e-05,6.06680502933075e-05
2008,longline,5,0.0301009693979806,0.0231293069373286,0.00697166246065196,0.00697166246065196
2008,longline,6,0.151483586970328,0.154591604712465,-0.0031080177421367,0.0031080177421367
2008,longline,7,0.333602763327945,0.291488253684364,0.0421145096435804,0.0421145096435804
2008,longline,8,0.321493833570123,0.204462906191708,0.117030927378416,0.117030927378416
2008,longline,9,0.135579677288406,0.143662053172359,-0.00808237588395219,0.00808237588395219
2008,longline,10,0.0250204694995906,0.179637243802583,-0.154616774302992,0.154616774302992
2008,purse_seine,1,0.189981461899815,0.488690674377019,-0.298709212477204,0.298709212477204
2008,purse_seine,2,0.421138134211381,0.288810355245874,0.132327778965507,0.132327778965507
2008,purse_seine,3,0.308265693082657,0.145226588042257,0.1630391050404,0.1630391050404
2008,purse_seine,4,0.0745097507450975,0.0562752665152415,0.018234484229856,0.018234484229856
2008,purse_seine,5,0.0059468700594687,0.0156667270620107,-0.00971985700254199,0.00971985700254199
2008,purse_seine,6,0.0001567300015673,0.0039092869980933,-0.003752556996526,0.003752556996526
2008,purse_seine,7,1.3600000136e-06,0.000966255631629215,-0.000964895631615615,0.000964895631615615
2008,purse_seine,8,0,0.000290776032642875,-0.000290776032642875,0.000290776032642875
2008,purse_seine,9,0,0.000100984450700039,-0.000100984450700039,0.000100984450700039
2008,purse_seine,10,0,6.30856445321748e-05,-6.30856445321748e-05,6.30856445321748e-05
2009,longline,1,1e-08,4.3134774513637e-06,-4.3034774513637e-06,4.3034774513637e-06
2009,longline,2,1.6e-06,3.67596001201563e-05,-3.51596001201563e-05,3.51596001201563e-05
2009,longline,3,9.675e-05,0.000313875560206363,-0.000217125560206363,0.000217125560206363
2009,longline,4,0.00255914,0.00270650963123774,-0.000147369631237742,0.000147369631237742
2009,longline,5,0.02962331,0.0233339743136994,0.00628933568630065,0.00628933568630065
2009,longline,6,0.15005561,0.156084544857302,-0.00602893485730183,0.00602893485730183
2009,longline,7,0.33262117,0.295017953108972,0.0376032168910277,0.0376032168910277
2009,longline,8,0.32264615,0.20506994996574,0.11757620003426,0.11757620003426
2009,longline,9,0.1369563,0.123815037851909,0.0131412621480912,0.0131412621480912
2009,longline,10,0.02543996,0.193617081633362,-0.168177121633362,0.168177121633362
2009,purse_seine,1,0.1892699,0.489402267315865,-0.300132367315865,0.300132367315865
2009,purse_seine,2,0.42078597,0.288637669986419,0.132148300013581,0.132148300013581
2009,purse_seine,3,0.30890734,0.144994122276042,0.163913217723958,0.163913217723958
2009,purse_seine,4,0.07488287,0.0560828655868934,0.0188000044131066,0.0188000044131066
2009,purse_seine,5,0.0059941,0.015585972188709,-0.00959187218870897,0.00959187218870897
2009,purse_seine,6,0.00015844,0.00389225312161115,-0.00373381312161115,0.00373381312161115
2009,purse_seine,7,1.38e-06,0.000964381673602662,-0.000963001673602662,0.000963001673602662
2009,purse_seine,8,0,0.000287591222057628,-0.000287591222057628,0.000287591222057628
2009,purse_seine,9,0,8.58253052742054e-05,-8.58253052742054e-05,8.58253052742054e-05
2009,purse_seine,10,0,6.70513235261014e-05,-6.70513235261014e-05,6.70513235261014e-05
2010,longline,1,1.00000001e-08,4.38290997361384e-06,-4.37290997351384e-06,4.37290997351384e-06
2010,longline,2,1.5400000154e-06,3.71881969681042e-05,-3.56481969527042e-05,3.56481969527042e-05
2010,longline,3,9.39700009397e-05,0.000316883895904343,-0.000222913894964643,0.000222913894964643
2010,longline,4,0.0025020200250202,0.00272970841575036,-0.000227688390730159,0.000227688390730159
2010,longline,5,0.0291517502915175,0.0234911225052927,0.00566062778622481,0.00566062778622481
2010,longline,6,0.148633601486336,0.156862069534154,-0.00822846804781829,0.00822846804781829
2010,longline,7,0.331625743316257,0.296725168171611,0.0349005751446464,0.0349005751446464
2010,longline,8,0.323786253237863,0.206757539265074,0.117028713972788,0.117028713972788
2010,longline,9,0.138339921383399,0.123706589230801,0.0146333321525979,0.0146333321525979
2010,longline,10,0.0258651902586519,0.18936934787447,-0.163504157615818,0.163504157615818
2010,purse_seine,1,0.18855977,0.490779986170479,-0.302220216170479,0.302220216170479
2010,purse_seine,2,0.42043134,0.28818621504355,0.13224512495645,0.13224512495645
2010,purse_seine,3,0.30954829,0.14447041296561,0.16507787703439,0.16507787703439
2010,purse_seine,4,0.07525737,0.0558242281177896,0.0194331418822104,0.0194331418822104
2010,purse_seine,5,0.00604167,0.0154858411525318,-0.00944417115253179,0.00944417115253179
2010,purse_seine,6,0.00016016,0.00386051249762379,-0.00370035249762379,0.00370035249762379
2010,purse_seine,7,1.4e-06,0.000957283860455488,-0.000955883860455488,0.000955883860455488
2010,purse_seine,8,0,0.000286167826172707,-0.000286167826172707,0.000286167826172707
2010,purse_seine,9,0,8.46292795934958e-05,-8.46292795934958e-05,8.46292795934958e-05
2010,purse_seine,10,0,6.47230861937421e-05,-6.47230861937421e-05,6.47230861937421e-05
2011,longline,1,1e-08,4.48402498843013e-06,-4.47402498843013e-06,4.47402498843013e-06
2011,longline,2,1.49e-06,3.76969821572732e-05,-3.62069821572732e-05,3.62069821572732e-05
2011,longline,3,9.127e-05,0.000319816566458406,-0.000228546566458406,0.000228546566458406
2011,longline,4,0.00244606,0.00274932049820224,-0.000303260498202235,0.000303260498202235
2011,longline,5,0.02868626,0.0236361585700097,0.00505010142999033,0.00505010142999033
2011,longline,6,0.14721763,0.157543118593353,-0.0103254885933533,0.0103254885933533
2011,longline,7,0.33061661,0.297494448775024,0.033122161224976,0.033122161224976
2011,longline,8,0.324914,0.207459696080409,0.117454303919591,0.117454303919591
2011,longline,9,0.13973048,0.124428138985726,0.0153023410142745,0.0153023410142745
2011,longline,10,0.02629619,0.186327120923672,-0.160030930923672,0.160030930923672
2011,purse_seine,1,0.18785107,0.493651791856343,-0.305800721856343,0.305800721856343
2011,purse_seine,2,0.42007426,0.287212319545949,0.132861940454051,0.132861940454051
2011,purse_seine,3,0.31018854,0.143353434228757,0.166835105771243,0.166835105771243
2011,purse_seine,4,0.07563324,0.0552790076235622,0.0203542323764378,0.0203542323764378
2011,purse_seine,5,0.00608957,0.0153192084287251,-0.00922963842872505,0.00922963842872505
2011,purse_seine,6,0.0001619,0.0038120172755449,-0.0036501172755449,0.0036501172755449
2011,purse_seine,7,1.42e-06,0.000943612354188675,-0.000942192354188675,0.000942192354188675
2011,purse_seine,8,0,0.000282306960931118,-0.000282306960931118,0.000282306960931118
2011,purse_seine,9,0,8.36902405996737e-05,-8.36902405996737e-05,8.36902405996737e-05
2011,purse_seine,10,0,6.26114853994021e-05,-6.26114853994021e-05,6.26114853994021e-05
2012,longline,1,1e-08,4.64916549885144e-06,-4.63916549885144e-06,4.63916549885144e-06
2012,longline,2,1.44e-06,3.84879637952057e-05,-3.70479637952057e-05,3.70479637952057e-05
2012,longline,3,8.865e-05,0.000323530549417103,-0.000234880549417103,0.000234880549417103
2012,longline,4,0.00239123,0.00276910252102216,-0.000377872521022156,0.000377872521022156
2012,longline,5,0.02822678,0.0237573985647169,0.00446938143528305,0.00446938143528305
2012,longline,6,0.14580781,0.158192336540887,-0.0123845265408868,0.0123845265408868
2012,longline,7,0.32959393,0.298176382307478,0.031417547692522,0.031417547692522
2012,longline,8,0.32602924,0.207573111929048,0.118456128070952,0.118456128070952
2012,longline,9,0.14112789,0.12459593273418,0.0165319572658205,0.0165319572658205
2012,longline,10,0.02673302,0.184569067723958,-0.157836047723958,0.157836047723958
2012,purse_seine,1,0.187143801871438,0.4986842021259,-0.311540400254462,0.311540400254462
2012,purse_seine,2,0.419714724197147,0.285705977166278,0.134008747030869,0.134008747030869
2012,purse_seine,3,0.310828063108281,0.141292903867748,0.169535159240533,0.169535159240533
2012,purse_seine,4,0.0760104907601049,0.0542465113345592,0.0217639794255457,0.0217639794255457
2012,purse_seine,5,0.0061378200613782,0.0150022439894645,-0.00886442392808626,0.00886442392808626
2012,purse_seine,6,0.0001636600016366,0.00372939834032718,-0.00356573833869058,0.00356573833869058
2012,purse_seine,7,1.4400000144e-06,0.000921479979021187,-0.000920039979006787,0.000920039979006787
2012,purse_seine,8,0,0.000275205339816819,-0.000275205339816819,0.000275205339816819
2012,purse_seine,9,0,8.16503379975338e-05,-8.16503379975338e-05,8.16503379975338e-05
2012,purse_seine,10,0,6.04275188878028e-05,-6.04275188878028e-05,6.04275188878028e-05
2013,longline,1,9.9999999e-09,4.62110759017946e-06,-4.61110759027946e-06,4.61110759027946e-06
2013,longline,2,1.3899999861e-06,3.98316893226484e-05,-3.84416893365484e-05,3.84416893365484e-05
2013,longline,3,8.60899991391e-05,0.000329708736446447,-0.000243618737307347,0.000243618737307347
2013,longline,4,0.0023375099766249,0.00279608379353991,-0.000458573816915007,0.000458573816915007
2013,longline,5,0.0277732597222674,0.0238841261865191,0.00388913353574826,0.00388913353574826
2013,longline,6,0.144404208555958,0.158709980359798,-0.0143057718038399,0.0143057718038399
2013,longline,7,0.328557856714421,0.298851921317319,0.0297059353971025,0.0297059353971025
2013,longline,8,0.327131826728682,0.207664509075823,0.119467317652859,0.119467317652859
2013,longline,9,0.142532098574679,0.124433705166166,0.018098393408513,0.018098393408513
2013,longline,10,0.0271757497282425,0.183285512567476,-0.156109762839234,0.156109762839234
2013,purse_seine,1,0.18643798,0.490628090212305,-0.304190110212305,0.304190110212305
2013,purse_seine,2,0.41935273,0.292670427622132,0.126682302377868,0.126682302377868
2013,purse_seine,3,0.31146686,0.142525061147232,0.168941798852768,0.168941798852768
2013,purse_seine,4,0.07638912,0.0542173998610134,0.0221717201389866,0.0221717201389866
2013,purse_seine,5,0.00618641,0.0149287148606236,-0.00874230486062361,0.00874230486062361
2013,purse_seine,6,0.00016544,0.00370350807362373,-0.00353806807362373,0.00353806807362373
2013,purse_seine,7,1.46e-06,0.000914164685035834,-0.000912704685035834,0.000912704685035834
2013,purse_seine,8,0,0.000272523378991138,-0.000272523378991138,0.000272523378991138
2013,purse_seine,9,0,8.07138158464981e-05,-8.07138158464981e-05,8.07138158464981e-05
2013,purse_seine,10,0,5.93963431979346e-05,-5.93963431979346e-05,5.93963431979346e-05
2014,longline,1,1e-08,4.30229680270204e-06,-4.29229680270204e-06,4.29229680270204e-06
2014,longline,2,1.34e-06,3.95205669981808e-05,-3.81805669981808e-05,3.81805669981808e-05
2014,longline,3,8.361e-05,0.000340610171227771,-0.000257000171227771,0.000257000171227771
2014,longline,4,0.00228488,0.002844387157552,-0.000559507157551996,0.000559507157551996
2014,longline,5,0.02732564,0.0240737569409144,0.00325188305908564,0.00325188305908564
2014,longline,6,0.14300692,0.159271502985187,-0.0162645829851871,0.0162645829851871
2014,longline,7,0.32750855,0.299294141945269,0.028214408054731,0.028214408054731
2014,longline,8,0.32822161,0.207763119671087,0.120458490328913,0.120458490328913
2014,longline,9,0.14394303,0.124266075668835,0.0196769543311646,0.0196769543311646
2014,longline,10,0.02762441,0.182102582596126,-0.154478172596126,0.154478172596126
2014,purse_seine,1,0.185733591857336,0.471078161050062,-0.285344569192726,0.285344569192726
2014,purse_seine,2,0.418988304189883,0.299474298829237,0.119514005360646,0.119514005360646
2014,purse_seine,3,0.312104923121049,0.151846458518114,0.160258464602935,0.160258464602935
2014,purse_seine,4,0.0767691307676913,0.0568805106466508,0.0198886201210405,0.0198886201210405
2014,purse_seine,5,0.0062353400623534,0.0155182666913667,-0.00928292662901333,0.00928292662901333
2014,purse_seine,6,0.0001672300016723,0.00383295225914007,-0.00366572225746777,0.00366572225746777
2014,purse_seine,7,1.4800000148e-06,0.000944175828800185,-0.000942695828785385,0.000942695828785385
2014,purse_seine,8,0,0.000281187633665547,-0.000281187633665547,0.000281187633665547
2014,purse_seine,9,0,8.31282626363641e-05,-8.31282626363641e-05,8.31282626363641e-05
2014,purse_seine,10,0,6.08602803272308e-05,-6.08602803272308e-05,6.08602803272308e-05
2015,longline,1,1e-08,4.13653431736378e-06,-4.12653431736378e-06,4.12653431736378e-06
2015,longline,2,1.29e-06,3.6706120541333e-05,-3.5416120541333e-05,3.5416120541333e-05
2015,longline,3,8.119e-05,0.000337142175950372,-0.000255952175950372,0.000255952175950372
2015,longline,4,0.00223332,0.00293141225243532,-0.000698092252435317,0.000698092252435317
2015,longline,5,0.02688389,0.0244311230012261,0.00245276699877388,0.00245276699877388
2015,longline,6,0.14161602,0.160152463960296,-0.0185364439602956,0.0185364439602956
2015,longline,7,0.32644616,0.299635377779105,0.0268107822208951,0.0268107822208951
2015,longline,8,0.32929844,0.207573378521438,0.121725061478562,0.121725061478562
2015,longline,9,0.14536061,0.124028015134226,0.0213325948657736,0.0213325948657736
2015,longline,10,0.02807907,0.180870244520464,-0.152791174520464,0.152791174520464
2015,purse_seine,1,0.185030651850307,0.471324346659405,-0.286293694809098,0.286293694809098
2015,purse_seine,2,0.418621434186214,0.289444642767259,0.129176791418955,0.129176791418955
2015,purse_seine,3,0.312742233127422,0.15640505291807,0.156337180209352,0.156337180209352
2015,purse_seine,4,0.0771505207715052,0.0610017530094454,0.0161487677620598,0.0161487677620598
2015,purse_seine,5,0.0062846100628461,0.0163882812792982,-0.0101036712164521,0.0101036712164521
2015,purse_seine,6,0.0001690500016905,0.00401069462169654,-0.00384164462000604,0.00384164462000604
2015,purse_seine,7,1.500000015e-06,0.000983645002628886,-0.000982145002613886,0.000982145002613886
2015,purse_seine,8,0,0.000292341218286496,-0.000292341218286496,0.000292341218286496
2015,purse_seine,9,0,8.63389083612026e-05,-8.63389083612026e-05,8.63389083612026e-05
2015,purse_seine,10,0,6.29036155490741e-05,-6.29036155490741e-05,6.29036155490741e-05
2016,longline,1,9.9999999e-09,4.15099652519156e-06,-4.14099652529156e-06,4.14099652529156e-06
2016,longline,2,1.2499999875e-06,3.51518872906041e-05,-3.39018873031041e-05,3.39018873031041e-05
2016,longline,3,7.88399992116e-05,0.000311890611537721,-0.000233050612326121,0.000233050612326121
2016,longline,4,0.0021828199781718,0.00289005606806169,-0.000707236089889894,0.000707236089889894
2016,longline,5,0.0264479497355205,0.0250787286563083,0.0013692210792122,0.0013692210792122
2016,longline,6,0.140231588597684,0.161885175439258,-0.0216535868415735,0.0216535868415735
2016,longline,7,0.325370826746292,0.300097606784963,0.0252732199613285,0.0252732199613285
2016,longline,8,0.330362176696378,0.206985738507667,0.123376438188712,0.123376438188712
2016,longline,9,0.146784758532152,0.123423223970659,0.0233615345614933,0.0233615345614933
2016,longline,10,0.0285397797146022,0.17928827707773,-0.150748497363128,0.150748497363128
2016,purse_seine,1,0.18432915,0.483960838235865,-0.299631688235865,0.299631688235865
2016,purse_seine,2,0.41825213,0.283628771755558,0.134623358244442,0.134623358244442
2016,purse_seine,3,0.31337878,0.148052110909638,0.165326669090362,0.165326669090362
2016,purse_seine,4,0.0775333,0.0615384131206531,0.0159948868793469,0.0159948868793469
2016,purse_seine,5,0.00633424,0.0172135364526054,-0.0108792964526054,0.0108792964526054
2016,purse_seine,6,0.00017088,0.00414827614511294,-0.00397739614511294,0.00397739614511294
2016,purse_seine,7,1.52e-06,0.00100805085161191,-0.00100653085161191,0.00100653085161191
2016,purse_seine,8,0,0.000298286384100396,-0.000298286384100396,0.000298286384100396
2016,purse_seine,9,0,8.79140432563893e-05,-8.79140432563893e-05,8.79140432563893e-05
2016,purse_seine,10,0,6.38021015980878e-05,-6.38021015980878e-05,6.38021015980878e-05
2017,longline,1,1e-08,4.12239752983557e-06,-4.11239752983557e-06,4.11239752983557e-06
2017,longline,2,1.2e-06,3.5076997150137e-05,-3.3876997150137e-05,3.3876997150137e-05
2017,longline,3,7.655e-05,0.000297009598526772,-0.000220459598526772,0.000220459598526772
2017,longline,4,0.00213335,0.00265860310094002,-0.000525253100940018,0.000525253100940018
2017,longline,5,0.02601777,0.0245862848156118,0.00143148518438821,0.00143148518438821
2017,longline,6,0.13885371,0.165244566765641,-0.0263908567656406,0.0263908567656406
2017,longline,7,0.32428274,0.301643526733627,0.0226392132663735,0.0226392132663735
2017,longline,8,0.33141268,0.206142666066687,0.125270013933313,0.125270013933313
2017,longline,9,0.14821541,0.12238372787904,0.0258316821209601,0.0258316821209601
2017,longline,10,0.02900658,0.177004415645247,-0.147997835645247,0.147997835645247
2017,purse_seine,1,0.1836291,0.488531115733117,-0.304902015733117,0.304902015733117
2017,purse_seine,2,0.4178804,0.287679261522396,0.130201138477604,0.130201138477604
2017,purse_seine,3,0.31401455,0.143306964597646,0.170707585402354,0.170707585402354
2017,purse_seine,4,0.07791747,0.0575410844004553,0.0203763855995447,0.0203763855995447
2017,purse_seine,5,0.00638421,0.0171530757649173,-0.0107688657649173,0.0107688657649173
2017,purse_seine,6,0.00017273,0.0043040001537461,-0.0041312701537461,0.0041312701537461
2017,purse_seine,7,1.54e-06,0.00102990799418698,-0.00102836799418698,0.00102836799418698
2017,purse_seine,8,0,0.000301957210992201,-0.000301957210992201,0.000301957210992201
2017,purse_seine,9,0,8.86073108010961e-05,-8.86073108010961e-05,8.86073108010961e-05
2017,purse_seine,10,0,6.40253117418039e-05,-6.40253117418039e-05,6.40253117418039e-05
2018,longline,1,9.9999999e-09,3.83518767742127e-06,-3.82518767752127e-06,3.82518767752127e-06
2018,longline,2,1.1599999884e-06,3.48514251917286e-05,-3.36914252033286e-05,3.36914252033286e-05
2018,longline,3,7.43199992568e-05,0.000296513779672168,-0.000222193780415368,0.000222193780415368
2018,longline,4,0.002084899979151,0.00253292497068974,-0.000448024991538743,0.000448024991538743
2018,longline,5,0.025593299744067,0.022627719303584,0.00296558044048298,0.00296558044048298
2018,longline,6,0.137482448625176,0.16207469622375,-0.0245922475985743,0.0245922475985743
2018,longline,7,0.32318203676818,0.308045418530563,0.0151366182376171,0.0151366182376171
2018,longline,8,0.332449806675502,0.20730033407649,0.125149472599012,0.125149472599012
2018,longline,9,0.149652478503475,0.121941569056395,0.0277109094470798,0.0277109094470798
2018,longline,10,0.0294795397052046,0.175142137445987,-0.145662597740783,0.145662597740783
2018,purse_seine,1,0.182930501829305,0.473566333764122,-0.290635831934817,0.290635831934817
2018,purse_seine,2,0.417506244175062,0.297823201932048,0.119683042243015,0.119683042243015
2018,purse_seine,3,0.314649533146495,0.149071125869334,0.165578407277161,0.165578407277161
2018,purse_seine,4,0.0783030207830302,0.0571213810307726,0.0211816397522577,0.0211816397522577
2018,purse_seine,5,0.0064345400643454,0.0164490840007624,-0.010014543936417,0.010014543936417
2018,purse_seine,6,0.000174600001746,0.00439857644121388,-0.00422397643946788,0.00422397643946788
2018,purse_seine,7,1.5600000156e-06,0.00109590021361569,-0.00109434021360009,0.00109434021360009
2018,purse_seine,8,0,0.000316394814447996,-0.000316394814447996,0.000316394814447996
2018,purse_seine,9,0,9.19918801684166e-05,-9.19918801684166e-05,9.19918801684166e-05
2018,purse_seine,10,0,6.60100535153195e-05,-6.60100535153195e-05,6.60100535153195e-05
2019,longline,1,1e-08,2.91984243285759e-06,-2.90984243285759e-06,2.90984243285759e-06
2019,longline,2,1.12e-06,3.29559713263551e-05,-3.18359713263551e-05,3.18359713263551e-05
2019,longline,3,7.216e-05,0.000299446911144856,-0.000227286911144856,0.000227286911144856
2019,longline,4,0.00203744,0.00257023920190958,-0.000532799201909579,0.000532799201909579
2019,longline,5,0.02517449,0.0219122221841222,0.0032622678158778,0.0032622678158778
2019,longline,6,0.1361179,0.15161421174767,-0.0154963117476695,0.0154963117476695
2019,longline,7,0.32206888,0.307099849219422,0.014969030780578,0.014969030780578
2019,longline,8,0.33347342,0.21517785202374,0.11829556797626,0.11829556797626
2019,longline,9,0.15109588,0.124640939548044,0.026454940451956,0.026454940451956
2019,longline,10,0.0299587,0.176649363350188,-0.146690663350188,0.146690663350188
2019,purse_seine,1,0.18223336,0.413321475003996,-0.231088115003996,0.231088115003996
2019,purse_seine,2,0.41712967,0.322854212971371,0.0942754570286294,0.0942754570286294
2019,purse_seine,3,0.31528372,0.172584919381421,0.142698800618579,0.142698800618579
2019,purse_seine,4,0.07868996,0.0664483608753096,0.0122415991246904,0.0122415991246904
2019,purse_seine,5,0.00648521,0.0182608804963172,-0.0117756704963172,0.0117756704963172
2019,purse_seine,6,0.00017649,0.00471705777530991,-0.00454056777530991,0.00454056777530991
2019,purse_seine,7,1.59e-06,0.00125247831816462,-0.00125088831816462,0.00125088831816462
2019,purse_seine,8,0,0.000376496790782252,-0.000376496790782252,0.000376496790782252
2019,purse_seine,9,0,0.000107793552777716,-0.000107793552777716,0.000107793552777716
2019,purse_seine,10,0,7.63248345513536e-05,-7.63248345513536e-05,7.63248345513536e-05
2020,longline,1,1e-08,2.06177559469722e-06,-2.05177559469722e-06,2.05177559469722e-06
2020,longline,2,1.08e-06,2.55428264010916e-05,-2.44628264010916e-05,2.44628264010916e-05
2020,longline,3,7.005e-05,0.000288267347798769,-0.000218217347798769,0.000218217347798769
2020,longline,4,0.00199097,0.00264247289389878,-0.000651502893898784,0.000651502893898784
2020,longline,5,0.02476129,0.0226359998147244,0.00212529018527555,0.00212529018527555
2020,longline,6,0.13476012,0.1494677832528,-0.0147076632527998,0.0147076632527998
2020,longline,7,0.32094343,0.292459908845352,0.0284835211546477,0.0284835211546477
2020,longline,8,0.33448338,0.218385831228021,0.116097548771979,0.116097548771979
2020,longline,9,0.15254555,0.1317104765292,0.0208350734707999,0.0208350734707999
2020,longline,10,0.03044412,0.182381655486209,-0.151937535486209,0.151937535486209
2020,purse_seine,1,0.18153768,0.363989687718348,-0.182452007718348,0.182452007718348
2020,purse_seine,2,0.41675068,0.312076037979164,0.104674642020836,0.104674642020836
2020,purse_seine,3,0.3159171,0.207203739517539,0.108713360482461,0.108713360482461
2020,purse_seine,4,0.07907828,0.0852001580655061,-0.00612187806550615,0.00612187806550615
2020,purse_seine,5,0.00653625,0.0235263256091456,-0.0169900756091456,0.0169900756091456
2020,purse_seine,6,0.0001784,0.00579959954496376,-0.00562119954496376,0.00562119954496376
2020,purse_seine,7,1.61e-06,0.00148756545309587,-0.00148595545309587,0.00148595545309587
2020,purse_seine,8,0,0.000476548710974905,-0.000476548710974905,0.000476548710974905
2020,purse_seine,9,0,0.000142059906130817,-0.000142059906130817,0.000142059906130817
2020,purse_seine,10,0,9.82774951325029e-05,-9.82774951325029e-05,9.82774951325029e-05

Fleet summary
-------------
fleet,mean_abs_residual,max_abs_residual,n
longline,0.031160375077489,0.168177121633362,200
purse_seine,0.0603503383342461,0.311540400254462,200

Worst years
-----------
year,mean_abs_residual,max_abs_residual,n
2001,0.0378526658703545,0.263551231963482,20
2002,0.0386095399307236,0.277121459066084,20
2003,0.0427880079352684,0.288333399138708,20
2004,0.0460186963865834,0.293104249087659,20
2005,0.0465383397606792,0.294756033951805,20
2006,0.0444076486969623,0.296082017889556,20
2007,0.0453070897412311,0.297471432934013,20
2008,0.0479718467718411,0.298709212477204,20
2009,0.0489471536910325,0.300132367315865,20
2010,0.0488979392929308,0.302220216170479,20
2011,0.0490980186190563,0.305800721856343,20
2012,0.0496182900161526,0.311540400254462,20
2013,0.0488956601363846,0.304190110212305,20
2014,0.0471262825858516,0.285344569192726,20
2015,0.0473983944954371,0.286293694809098,20
2016,0.0489325328004896,0.299631688235865,20
2017,0.0496457503984537,0.304902015733117,20
2018,0.0477405669996625,0.290635831934817,20
2019,0.041219766379657,0.231088115003996,20
2020,0.0380929436086,0.182452007718348,20
