Quadra scaled analytic latent-state tridiagonal Laplace benchmark
reps per n = 10

       n     objective         joint        logdet           nnz     grad_norm        avg_ms
      25    -17.776006    -57.773976    124.104991            70      0.000244      0.031688
      50    -34.453635   -116.343847    253.836400           145      0.000274      0.071017
     100    -72.908190   -233.173849    502.481149           295      0.000282      0.138442
     250   -188.418307   -583.810308   1248.415393           745      0.000870      0.297133
     500   -380.974146  -1168.243381   2491.639126          1495      0.003095      0.493433
    1000   -766.105237  -2337.128952   4978.086619          2995      0.003207      0.783133
