Quadra state-space PersistentLatentStateRuntime benchmark
reps per n = 20

       n     objective      lbfgs_ms     cold_newton     warm_newton        warm_x     cold_it     warm_it     grad_norm  objective_diff
      25    -17.776006      0.026467        0.015840        0.003712      7.129064           4           0      0.000001        0.000000
      50    -34.453635      0.059904        0.023323        0.007354      8.145632           3           0      0.000000        0.000000
     100    -72.908190      0.116383        0.037388        0.012060      9.650036           3           0      0.000000        0.000000
     250   -188.418306      0.227490        0.080244        0.025815      8.812457           3           0      0.000000        0.000001
     500   -380.974141      0.374465        0.141644        0.044188      8.474446           3           0      0.000000        0.000005
    1000   -766.105237      0.593604        0.236808        0.075162      7.897611           3           0      0.000000        0.000000
