Quadra state-space native tridiagonal timing breakdown benchmark
reps per n = 20

       n     objective        logdet   grad_norm        opt_ms  jointgrad_ms     values_ms     update_ms     logdet_ms      total_ms
      25    -17.776006    124.104991    0.000244      0.021779      0.001783      0.000508      0.000342      0.000023      0.024640
      50    -34.453635    253.836400    0.000274      0.054696      0.003406      0.001077      0.000571      0.000035      0.059990
     100    -72.908190    502.481149    0.000282      0.093344      0.005623      0.001625      0.000900      0.000025      0.101694
     250   -188.418307   1248.415393    0.000870      0.200931      0.013283      0.003673      0.002048      0.000027      0.220117
     500   -380.974146   2491.639126    0.003095      0.308833      0.021319      0.005837      0.003088      0.000029      0.339217
    1000   -766.105237   4978.086619    0.003207      0.525813      0.039756      0.011115      0.005650      0.000021      0.582469
