Quadra state-space runtime-owned random state benchmark
reps per n = 20

       n     objective      lbfgs_ms     cold_newton     warm_newton        warm_x     cold_it     warm_it     grad_norm  objective_diff
      25    -17.776006      0.026554        0.015854        0.003729      7.120698           4           0      0.000001        0.000000
      50    -34.453635      0.060073        0.023294        0.007385      8.133953           3           0      0.000000        0.000000
     100    -72.908190      0.101621        0.037369        0.012006      8.463996           3           0      0.000000        0.000000
     250   -188.418306      0.218012        0.079027        0.025810      8.446692           3           0      0.000000        0.000001
     500   -380.974141      0.367544        0.135612        0.044188      8.317822           3           0      0.000000        0.000005
    1000   -766.105237      0.588696        0.233823        0.074338      7.919231           3           0      0.000000        0.000000
