Quadra state-space warm-start tridiagonal Newton solver benchmark
reps per n = 20

       n     objective      lbfgs_ms     cold_newton     warm_newton        warm_x     cold_it     warm_it     grad_norm  objective_diff
      25    -17.776006      0.020642        0.012290        0.002894      7.133184           4           0      0.000001        0.000000
      50    -34.453635      0.046663        0.018073        0.005713      8.168490           3           0      0.000000        0.000000
     100    -72.908190      0.098008        0.037306        0.012021      8.153192           3           0      0.000000        0.000000
     250   -188.418306      0.226538        0.079619        0.025804      8.779094           3           0      0.000000        0.000001
     500   -380.974141      0.351556        0.142154        0.044150      7.962769           3           0      0.000000        0.000005
    1000   -766.105237      0.596573        0.232875        0.075338      7.918671           3           0      0.000000        0.000000
