Quadra state-space tridiagonal Newton solver benchmark
reps per n = 10

       n     objective      lbfgs_ms     newton_ms       speedup   newton_it     grad_norm  objective_diff
      25    -17.776006      0.026975      0.016042      1.681555           4      0.000001        0.000000
      50    -34.453635      0.060388      0.022350      2.701902           3      0.000000        0.000000
     100    -72.908190      0.101804      0.037658      2.703367           3      0.000000        0.000000
     250   -188.418306      0.227917      0.088688      2.569885           3      0.000000        0.000001
     500   -380.974141      0.416117      0.156742      2.654794           3      0.000000        0.000005
    1000   -766.105237      0.668696      0.270025      2.476422           3      0.000000        0.000000
